2.827800512313842773e-01
1.381829977035522461e+00
6.997007131576538086e-01
2.740945816040039062e-01
1.267579048871994019e-01
1.687518000602722168e+00
-1.450764417648315430e+00
7.163762450218200684e-01
9.039399623870849609e-01
-2.004830121994018555e+00
6.169166788458824158e-02
-3.343618661165237427e-02
-6.872002482414245605e-01
1.307862997055053711e-01
-7.582240104675292969e-01
7.699891924858093262e-01
-5.839056968688964844e-01
-8.662407994270324707e-01
6.838637590408325195e-01
-3.510352671146392822e-01
9.958109855651855469e-01
-7.735574245452880859e-01
-1.009167313575744629e+00
1.147629857063293457e+00
-6.037166118621826172e-01
2.404982298612594604e-01
-2.444559097290039062e+00
1.146022677421569824e+00
-1.116316672414541245e-02
-1.025700449943542480e+00
2.347597181797027588e-01
7.581819891929626465e-01
-8.932400941848754883e-01
-1.155193448066711426e-01
2.372961789369583130e-01
-2.973507344722747803e-01
-2.661124467849731445e-01
1.336943507194519043e+00
4.887972176074981689e-01
-7.203196883201599121e-01
4.015485048294067383e-01
1.519791364669799805e+00
-1.092696785926818848e+00
-3.868247196078300476e-02
5.775980949401855469e-01
1.104748368263244629e+00
-1.273160338401794434e+00
-8.088785409927368164e-01
-1.166422605514526367e+00
3.517139554023742676e-01
5.419553518295288086e-01
7.617080211639404297e-01
1.376824975013732910e-01
-7.393480837345123291e-02
1.279460489749908447e-01
1.078521490097045898e+00
1.490989685058593750e+00
1.022535443305969238e+00
8.079504966735839844e-01
-1.620282292366027832e+00
1.007559061050415039e+00
-9.380674958229064941e-01
-4.406047761440277100e-01
-1.199769735336303711e+00
3.759286403656005859e-01
-5.616936367005109787e-03
-4.555967748165130615e-01
9.673392772674560547e-01
7.838317751884460449e-01
1.465555071830749512e+00
1.335806250572204590e+00
1.090298652648925781e+00
-2.888648509979248047e-01
-1.315603733062744141e+00
-5.049766898155212402e-01
-8.231287002563476562e-01
2.355688214302062988e-01
-4.402083903551101685e-02
1.295849978923797607e-01
1.182514905929565430e+00
-7.022704482078552246e-01
-6.636368632316589355e-01
5.397590994834899902e-01
3.589212596416473389e-01
4.897092003375291824e-03
-1.625363677740097046e-01
1.544542312622070312e+00
6.819275766611099243e-02
3.227000832557678223e-01
1.049802184104919434e+00
1.039501786231994629e+00
-1.271492838859558105e+00
-6.331425309181213379e-01
7.452483773231506348e-01
-8.753710389137268066e-01
-5.887838006019592285e-01
-1.164034008979797363e+00
1.386405110359191895e+00
-5.931785702705383301e-01
6.397900581359863281e-01
-1.757334470748901367e+00
2.989049442112445831e-02
-1.260478854179382324e+00
1.195396423339843750e+00
-3.073999881744384766e-01
3.803167119622230530e-02
1.301534175872802734e+00
-4.855884611606597900e-01
-4.736730158329010010e-01
3.987019136548042297e-02
-9.006552696228027344e-01
-3.523233234882354736e-01
6.745291948318481445e-01
-4.836530387401580811e-01
-1.738456934690475464e-01
-3.250084519386291504e-01
-4.702247679233551025e-01
1.177351117134094238e+00
-5.065906643867492676e-01
5.260217189788818359e-02
-1.354341864585876465e+00
-2.736494934652000666e-06
-2.474551796913146973e-01
7.268098592758178711e-01
4.705248475074768066e-01
-1.569486707448959351e-01
-1.137798666954040527e+00
7.393680214881896973e-01
1.349335461854934692e-01
6.324353814125061035e-01
9.668198823928833008e-01
-1.111280679702758789e+00
-2.673591487109661102e-02
4.044211208820343018e-01
-4.846736788749694824e-01
-1.201947256922721863e-01
5.620933175086975098e-01
5.770695209503173828e-01
5.506603121757507324e-01
-6.478345394134521484e-01
-6.091142445802688599e-02
-1.071401834487915039e+00
7.321302890777587891e-01
-7.260704636573791504e-01
-9.580233693122863770e-01
8.320206403732299805e-01
-1.551078319549560547e+00
-1.436548709869384766e+00
-1.808959007263183594e+00
7.371944934129714966e-02
-7.113253474235534668e-01
-1.372211575508117676e+00
-1.130514740943908691e+00
-1.145390272140502930e+00
1.602464556694030762e+00
2.277776151895523071e-01
-1.405675411224365234e+00
-8.127462267875671387e-01
-8.423128724098205566e-02
1.211644172668457031e+00
8.225638866424560547e-01
1.849845767021179199e+00
3.059934675693511963e-01
1.081124663352966309e+00
-9.628106951713562012e-01
5.988554954528808594e-01
-8.827637434005737305e-01
9.447106719017028809e-01
-8.531730175018310547e-01
1.215583682060241699e+00
-2.391761243343353271e-01
1.206103563308715820e+00
-2.733765542507171631e-01
-2.126877456903457642e-01
-1.549436151981353760e-01
-3.637341782450675964e-02
-4.951293468475341797e-01
-1.049666285514831543e+00
5.482241511344909668e-01
-1.136033296585083008e+00
1.002177074551582336e-01
-1.093896627426147461e+00
2.043648958206176758e+00
1.858284354209899902e+00
-1.994861364364624023e+00
3.466927111148834229e-01
-2.997474968433380127e-01
1.854324340820312500e-01
-6.323565244674682617e-01
1.582897007465362549e-01
-3.569398224353790283e-01
-4.608793258666992188e-01
-1.136287569999694824e+00
-1.224297046661376953e+00
-8.881437182426452637e-01
-4.245348274707794189e-01
4.433163106441497803e-01
-1.919186711311340332e+00
-9.949235320091247559e-01
7.447376102209091187e-02
7.450180053710937500e-01
5.795795470476150513e-02
-1.421334028244018555e+00
1.693982839584350586e+00
1.349641799926757812e+00
-1.734674096107482910e+00
9.753494262695312500e-01
-5.007738471031188965e-01
1.779289096593856812e-01
-5.915655493736267090e-01
-7.667949795722961426e-01
2.852969169616699219e-01
-1.699250102043151855e+00
1.399033069610595703e-01
1.628337860107421875e+00
1.089557707309722900e-01
1.582557149231433868e-02
-3.030446171760559082e-01
-8.663623929023742676e-01
2.810004651546478271e-01
-5.912209153175354004e-01
-3.433996438980102539e-01
-1.994462370872497559e+00
-7.556366175413131714e-02
-2.738529741764068604e-01
-3.688320517539978027e-01
-3.728003799915313721e-01
7.815422415733337402e-01
-6.562292575836181641e-01
3.592446148395538330e-01
1.952422857284545898e-01
-1.553327918052673340e+00
-5.458436012268066406e-01
-1.528013944625854492e+00
-2.221692204475402832e-01
8.890430927276611328e-01
-9.401001930236816406e-01
-7.144913673400878906e-01
-3.065169453620910645e-01
1.161988079547882080e-01
-1.307359635829925537e-01
-1.125887274742126465e+00
-3.034320175647735596e-01
7.077805995941162109e-01
3.662915527820587158e-01
-2.291857898235321045e-01
-6.611868739128112793e-01
-1.887904107570648193e-01
1.982064247131347656e-01
-1.294568061828613281e+00
-3.541184365749359131e-01
-8.477990627288818359e-01
-7.278597950935363770e-01
2.888329923152923584e-01
6.577151417732238770e-01
4.144650101661682129e-01
5.227144435048103333e-02
3.349971175193786621e-01
4.095571637153625488e-01
-5.436837673187255859e-01
-1.222479268908500671e-01
-5.758208781480789185e-02
-1.161059021949768066e+00
1.370939970016479492e+00
4.848531261086463928e-02
8.454121649265289307e-02
-3.584077656269073486e-01
1.079402804374694824e+00
-3.591937720775604248e-01
8.573275804519653320e-01
1.339044213294982910e+00
8.024886250495910645e-01
-8.871546983718872070e-01
7.066786885261535645e-01
3.518753349781036377e-01
-2.138033151626586914e+00
5.833879709243774414e-01
-1.330337524414062500e-01
-6.378476023674011230e-01
-1.123622775077819824e+00
-6.220964193344116211e-01
-1.014569759368896484e+00
-1.200948476791381836e+00
1.035204768180847168e+00
1.353608816862106323e-01
7.320757508277893066e-01
9.108806252479553223e-01
1.494807004928588867e+00
1.451004624366760254e+00
-4.332992136478424072e-01
-1.021338775753974915e-01
1.903831362724304199e-01
-5.905530229210853577e-02
8.384194970130920410e-01
-7.495899200439453125e-01
-3.310295343399047852e-01
-5.592044591903686523e-01
6.804933398962020874e-02
8.308979272842407227e-01
-3.919259831309318542e-02
-1.061543464660644531e+00
-1.195693254470825195e+00
4.408319294452667236e-01
4.857653081417083740e-01
1.513261795043945312e+00
4.769212305545806885e-01
-1.352377772331237793e+00
1.525101304054260254e+00
6.018778085708618164e-01
2.833889722824096680e-01
9.361473917961120605e-01
4.385870099067687988e-01
-7.171988487243652344e-01
9.381268620491027832e-01
1.240288257598876953e+00
5.293773412704467773e-01
-1.739494204521179199e+00
1.070595264434814453e+00
8.737203478813171387e-01
-1.010425925254821777e+00
-4.627109766006469727e-01
-2.573694474995136261e-02
-6.180283427238464355e-01
-4.259425103664398193e-01
-3.179923593997955322e-01
9.086597561836242676e-01
8.324613571166992188e-01
2.535594403743743896e-01
4.878768622875213623e-01
-6.507002711296081543e-01
4.458255171775817871e-01
2.340149581432342529e-01
1.992236673831939697e-01
7.651788592338562012e-01
-4.313530325889587402e-01
7.939517498016357422e-01
5.246727466583251953e-01
-3.099409639835357666e-01
-1.084735542535781860e-01
6.416209936141967773e-01
1.850008964538574219e-01
-1.680146813392639160e+00
-1.278478264808654785e+00
7.523174583911895752e-02
-2.795116305351257324e-01
-8.771074414253234863e-01
1.594098448753356934e+00
-2.605425119400024414e-01
9.998449087142944336e-01
-4.755759835243225098e-01
-9.165513515472412109e-01
-9.824294447898864746e-01
-4.426794052124023438e-01
2.714236080646514893e-01
-8.323507905006408691e-01
9.536688327789306641e-01
1.415236711502075195e+00
-7.025780081748962402e-01
-3.203796446323394775e-01
-1.482381522655487061e-01
-3.639441132545471191e-01
2.011506259441375732e-01
-1.137265801429748535e+00
8.883898854255676270e-01
-1.814146190881729126e-01
-5.516490936279296875e-01
-1.192795395851135254e+00
1.514019131660461426e+00
3.884087204933166504e-01
-9.878687262535095215e-01
-6.137605309486389160e-01
1.560244441032409668e+00
-1.999524354934692383e+00
-2.270131558179855347e-02
1.386477708816528320e+00
-7.770594209432601929e-02
-7.562128901481628418e-01
-8.207347989082336426e-01
8.799110651016235352e-01
1.392753362655639648e+00
-1.650490880012512207e+00
-5.145579576492309570e-01
-3.381397724151611328e-01
1.754776984453201294e-01
-1.215025782585144043e+00
3.214873969554901123e-01
2.793485820293426514e-01
-9.543578028678894043e-01
1.661336183547973633e+00
-1.187874555587768555e+00
-6.166645288467407227e-01
1.184166789054870605e+00
1.382408499717712402e+00
-5.085847973823547363e-01
-6.188174486160278320e-01
7.679346799850463867e-01
7.221777439117431641e-01
-7.420777678489685059e-01
-1.333045959472656250e+00
7.398726344108581543e-01
-5.755825042724609375e-01
-1.154989242553710938e+00
-1.098522782325744629e+00
-2.104075998067855835e-01
-3.728461265563964844e-01
-7.464317679405212402e-01
-9.339496493339538574e-01
2.346869856119155884e-01
-1.162981510162353516e+00
-1.264659166336059570e+00
6.740676760673522949e-01
-4.676997363567352295e-01
-1.770758628845214844e+00
-2.271925061941146851e-01
-1.933908611536026001e-01
1.008592844009399414e-01
-1.073026299476623535e+00
-6.146823763847351074e-01
-1.023672580718994141e+00
3.786593377590179443e-01
-5.036609768867492676e-01
8.540886044502258301e-01
-1.073627352714538574e+00
-3.374371826648712158e-01
-1.694109916687011719e+00
1.438222825527191162e-01
8.949758410453796387e-01
5.993868708610534668e-01
7.097824811935424805e-01
4.597339406609535217e-02
-9.142072796821594238e-01
9.112125635147094727e-01
6.436345726251602173e-02
-9.924577474594116211e-01
2.537458837032318115e-01
1.207321763038635254e+00
1.521352678537368774e-01
-2.069301307201385498e-01
2.251116186380386353e-01
5.230765938758850098e-01
-2.472943514585494995e-01
7.374524474143981934e-01
3.643358051776885986e-01
-8.237327933311462402e-01
2.109128981828689575e-01
-1.399320006370544434e+00
6.184647679328918457e-01
1.957607567310333252e-01
1.492358185350894928e-02
-1.427765130996704102e+00
-8.409187793731689453e-01
-1.110669493675231934e+00
-3.913741409778594971e-01
-8.908108472824096680e-01
-1.190888166427612305e+00
-5.917776823043823242e-01
4.200477898120880127e-01
5.731286853551864624e-02
1.115513086318969727e+00
-6.267583966255187988e-01
-1.603073000907897949e+00
-6.535507440567016602e-01
-5.238563418388366699e-01
-5.764192342758178711e-01
-9.578664302825927734e-01
-9.022177457809448242e-01
-2.536316812038421631e-01
-5.416986942291259766e-01
-1.472693085670471191e+00
-1.682338714599609375e+00
-5.622931122779846191e-01
-1.359132885932922363e+00
-4.664394259452819824e-01
-6.954910755157470703e-01
-1.709575206041336060e-02
-3.352726995944976807e-01
6.234529018402099609e-01
-8.678249120712280273e-01
-5.081827044486999512e-01
1.870247870683670044e-01
-1.723797768354415894e-01
1.270095109939575195e+00
-3.381954133510589600e-01
-7.303765416145324707e-01
6.603469848632812500e-01
4.476760029792785645e-01
-1.026584148406982422e+00
-1.028204679489135742e+00
-2.417835295200347900e-01
9.441591501235961914e-01
-3.605392575263977051e-01
-6.233053281903266907e-02
4.812062382698059082e-01
1.514786481857299805e-01
-9.895293712615966797e-01
-4.782254695892333984e-01
4.872944653034210205e-01
-6.267313361167907715e-01
4.200934991240501404e-02
1.079949736595153809e+00
-1.052564606070518494e-01
6.971317529678344727e-01
8.045210838317871094e-01
-6.333292126655578613e-01
1.778717637062072754e+00
-5.248302817344665527e-01
-1.276490211486816406e+00
-1.663536727428436279e-01
1.061581134796142578e+00
-6.881058812141418457e-01
4.595738649368286133e-01
-1.083539485931396484e+00
2.447207570075988770e-01
2.418585121631622314e-01
-1.754440516233444214e-01
-1.447264403104782104e-01
1.449991703033447266e+00
3.123214542865753174e-01
4.505111277103424072e-01
-9.130165576934814453e-01
-2.735073864459991455e-01
1.434501051902770996e+00
-1.279820084571838379e+00
-2.570932805538177490e-01
1.413587570190429688e+00
9.776298701763153076e-02
-8.712046146392822266e-01
6.438443064689636230e-01
-6.531205773353576660e-01
-1.143558382987976074e+00
-2.240406125783920288e-01
-9.447611123323440552e-02
1.596513748168945312e+00
3.527277708053588867e-02
6.432644128799438477e-01
-8.169999122619628906e-01
-5.317118018865585327e-03
-1.608313322067260742e-01
5.486703515052795410e-01
-6.702833771705627441e-01
-1.128713607788085938e+00
-7.065851092338562012e-01
-4.725831449031829834e-01
2.003741264343261719e-01
5.247250199317932129e-01
-1.965939253568649292e-02
-7.570044398307800293e-01
-2.935283780097961426e-01
-9.187566637992858887e-01
-3.439462780952453613e-01
9.087161421775817871e-01
4.091050326824188232e-01
6.113858222961425781e-01
-7.964666485786437988e-01
1.349472522735595703e+00
-1.053420782089233398e+00
-1.046202033758163452e-01
-2.332112491130828857e-01
-7.900965213775634766e-01
1.011367321014404297e+00
1.532645583152770996e+00
-5.567047595977783203e-01
-6.658971309661865234e-01
-5.955033898353576660e-01
-1.285936355590820312e+00
6.227153539657592773e-01
1.383690237998962402e+00
-5.806054472923278809e-01
-4.692077338695526123e-01
3.402253612875938416e-02
1.890294790267944336e+00
4.764941036701202393e-01
-2.352299690246582031e+00
3.788835108280181885e-01
7.896387577056884766e-01
5.776987671852111816e-01
-1.462575316429138184e+00
-5.829744338989257812e-01
4.360302910208702087e-02
5.755572915077209473e-01
-1.016369223594665527e+00
-1.335815191268920898e+00
8.173434734344482422e-01
-1.307587146759033203e+00
1.324773788452148438e+00
-2.059546709060668945e+00
1.825894713401794434e+00
1.278638958930969238e+00
9.919734299182891846e-02
1.110448718070983887e+00
3.442216813564300537e-01
-8.922208100557327271e-02
3.840551972389221191e-01
7.919421046972274780e-02
-2.631703913211822510e-01
7.634302377700805664e-01
1.883803158998489380e-01
-1.587295979261398315e-01
-1.132623434066772461e+00
-6.238896250724792480e-01
-1.150234699249267578e+00
-8.067933320999145508e-01
-3.073335438966751099e-02
-9.138684272766113281e-01
5.497830510139465332e-01
-6.025659441947937012e-01
-2.454996705055236816e-01
1.400911808013916016e+00
1.057020053267478943e-01
-1.125042438507080078e+00
-6.107955574989318848e-01
1.506887674331665039e+00
2.280062735080718994e-01
1.116165757179260254e+00
-1.187311291694641113e+00
-1.012094855308532715e+00
1.427995264530181885e-01
1.205813765525817871e+00
3.065616786479949951e-01
7.661013305187225342e-02
5.201513767242431641e-01
-8.469832539558410645e-01
-1.080952644348144531e+00
1.220610260963439941e+00
-1.678215116262435913e-01
4.697017371654510498e-01
6.773232221603393555e-01
1.965563148260116577e-01
-2.944286763668060303e-01
1.358709335327148438e+00
-1.080628514289855957e+00
1.693176865577697754e+00
6.508658528327941895e-01
1.364683955907821655e-01
8.704764842987060547e-01
5.595519542694091797e-01
7.770884037017822266e-01
-3.665603399276733398e-01
6.796041131019592285e-01
7.407762408256530762e-01
4.471652805805206299e-01
-8.954177498817443848e-01
3.393032848834991455e-01
-8.412646502256393433e-02
2.455482445657253265e-02
-4.681532979011535645e-01
-7.660285830497741699e-01
-1.100495338439941406e+00
4.616481661796569824e-01
3.607440590858459473e-01
-1.121943235397338867e+00
-3.786375820636749268e-01
-9.403353333473205566e-01
-4.164542555809020996e-01
-9.633584022521972656e-01
5.513584613800048828e-01
-3.122629523277282715e-01
5.765078067779541016e-01
1.085544675588607788e-01
1.384396314620971680e+00
-4.440265297889709473e-01
1.825954198837280273e+00
6.141178011894226074e-01
-1.096506953239440918e+00
8.286799192428588867e-01
-8.033365607261657715e-01
1.432675123214721680e-01
1.935947179794311523e+00
-3.967835009098052979e-01
-1.500091552734375000e-01
2.118337005376815796e-01
-4.173219799995422363e-01
-1.298105955123901367e+00
-5.154960155487060547e-01
-1.162404179573059082e+00
1.021944284439086914e-01
-1.636743426322937012e+00
5.012180209159851074e-01
7.178464531898498535e-01
6.137004494667053223e-01
-1.366663932800292969e+00
1.361911535263061523e+00
4.600332975387573242e-01
-9.276304841041564941e-01
-2.436570636928081512e-02
7.610633969306945801e-01
-8.061466217041015625e-01
4.650097489356994629e-01
-6.609775125980377197e-02
5.748533010482788086e-01
1.473228335380554199e+00
9.943538904190063477e-01
9.415599703788757324e-01
-5.707176327705383301e-01
-2.903729975223541260e-01
-2.061713933944702148e+00
1.443289637565612793e+00
8.474226593971252441e-01
3.601324185729026794e-02
2.946891188621520996e-01
-5.863041430711746216e-02
-2.405066043138504028e-01
2.522497773170471191e-01
-5.476477146148681641e-01
-7.097100615501403809e-01
-1.081802606582641602e+00
-1.166457310318946838e-01
4.269739687442779541e-01
1.713240265846252441e+00
2.227281033992767334e-01
-1.616587877273559570e+00
-5.247880816459655762e-01
8.338428288698196411e-02
-1.699634671211242676e+00
-7.970641851425170898e-01
-5.062274336814880371e-01
-1.008577227592468262e+00
7.719782590866088867e-01
1.333405494689941406e+00
-4.333434104919433594e-01
-2.557094693183898926e-01
-6.408304572105407715e-01
1.127149909734725952e-01
1.134377002716064453e+00
1.255309820175170898e+00
1.180942773818969727e+00
4.647123813629150391e-01
4.597536101937294006e-02
6.373847723007202148e-01
-8.946704864501953125e-02
6.472881436347961426e-01
-8.209832906723022461e-01
6.883125901222229004e-01
1.651643812656402588e-01
-7.474774867296218872e-02
3.758296668529510498e-01
2.606941163539886475e-01
-1.051751255989074707e+00
8.415858149528503418e-01
-1.441934585571289062e+00
-3.473732769489288330e-01
-1.285642147064208984e+00
-6.112381219863891602e-01
7.358699440956115723e-01
6.447493433952331543e-01
-7.810429334640502930e-01
-1.319822430610656738e+00
-8.203356862068176270e-01
-3.312540948390960693e-01
-1.469319820404052734e+00
1.912094354629516602e-01
4.765640199184417725e-01
-5.542716383934020996e-01
-2.474077939987182617e-01
-9.811989068984985352e-01
1.505266875028610229e-01
-1.758259773254394531e+00
-6.618924736976623535e-01
1.346491336822509766e+00
-1.185374855995178223e+00
-5.244139432907104492e-01
1.732905864715576172e+00
-4.667783975601196289e-01
-1.837935745716094971e-01
-1.085918307304382324e+00
1.681725502014160156e+00
1.525384932756423950e-01
-1.901308059692382812e+00
-2.521904408931732178e-01
1.494337320327758789e+00
1.298420786857604980e+00
-1.061625599861145020e+00
-5.819410681724548340e-01
1.501136660575866699e+00
7.000271081924438477e-01
-4.538477361202239990e-01
-6.256768703460693359e-01
1.567197218537330627e-02
3.589532077312469482e-01
5.126559734344482422e-01
-1.283120751380920410e+00
-2.171227782964706421e-01
8.013752698898315430e-01
-4.588338732719421387e-02
-1.095166802406311035e+00
-6.783291697502136230e-01
-1.357570052146911621e+00
-2.136173695325851440e-01
1.032977104187011719e+00
2.133162319660186768e-01
1.840242445468902588e-01
-5.365360155701637268e-02
1.756853938102722168e+00
-1.001474738121032715e+00
5.091603994369506836e-01
1.615334674715995789e-02
6.026197075843811035e-01
-9.429242014884948730e-01
-4.878238141536712646e-01
3.169620633125305176e-01
1.196866273880004883e+00
1.269125819206237793e+00
5.420342683792114258e-01
7.566636800765991211e-01
-2.765918076038360596e-01
-1.650925636291503906e+00
-2.702863216400146484e-01
5.992395877838134766e-01
9.138713479042053223e-01
-2.952639162540435791e-01
1.878735721111297607e-01
-8.311302661895751953e-01
1.250895410776138306e-01
2.123488485813140869e-01
2.022633701562881470e-02
-8.710125088691711426e-02
-8.976931571960449219e-01
1.194755077362060547e+00
3.884314596652984619e-01
1.334156095981597900e-01
-5.442401170730590820e-01
-8.167909085750579834e-02
6.956476569175720215e-01
3.408505022525787354e-01
3.122438788414001465e-01
7.026583552360534668e-01
9.843175411224365234e-01
-1.673933118581771851e-01
-2.672858536243438721e-01
-8.438721895217895508e-01
3.054850362241268158e-02
4.014590978622436523e-01
6.814967393875122070e-01
-1.436954021453857422e+00
-1.290495842695236206e-01
-1.226977780461311340e-01
-3.772268891334533691e-01
6.164607405662536621e-01
-1.090267673134803772e-01
-2.871695160865783691e-01
4.820386692881584167e-02
-6.565884947776794434e-01
-9.479199051856994629e-01
4.017189443111419678e-01
5.498281121253967285e-02
2.400539517402648926e-01
-4.776236712932586670e-01
-6.996309161186218262e-01
-1.056821346282958984e+00
4.385423362255096436e-01
-2.946096360683441162e-01
-5.551174879074096680e-01
1.159290790557861328e+00
-8.832461237907409668e-01
-2.856974005699157715e-01
1.570873618125915527e+00
-6.139436364173889160e-01
-1.100019693374633789e+00
-3.680453822016716003e-02
-2.766226232051849365e-01
2.835356295108795166e-01
1.171814441680908203e+00
-1.761483550071716309e+00
1.046231865882873535e+00
1.820763647556304932e-01
-6.939800381660461426e-01
-1.363051891326904297e+00
-7.047615051269531250e-01
1.274110436439514160e+00
-5.914677381515502930e-01
7.584278583526611328e-01
-7.699550390243530273e-01
-5.686203837394714355e-01
-5.170873403549194336e-01
1.516594290733337402e+00
-6.512948274612426758e-01
5.022979378700256348e-01
2.649689018726348877e-01
-2.641921639442443848e-01
6.511857509613037109e-01
-2.317522913217544556e-01
3.485147953033447266e-01
-2.041472494602203369e-01
8.268725872039794922e-02
-3.254606127738952637e-01
-7.910479903221130371e-01
3.426466882228851318e-01
-4.689766168594360352e-01
-1.500902533531188965e+00
1.148941740393638611e-01
1.046902060508728027e+00
-5.079452991485595703e-01
-7.729727774858474731e-02
8.204004168510437012e-01
-9.846711158752441406e-01
-8.749263882637023926e-01
-8.483592271804809570e-01
2.993707060813903809e-01
4.443457126617431641e-01
-3.894248008728027344e-01
-1.344007134437561035e+00
-4.098910689353942871e-01
2.050786614418029785e-01
-9.951136112213134766e-01
-6.304614543914794922e-01
9.373004436492919922e-01
-8.002633452415466309e-01
-8.129421472549438477e-01
-5.980185866355895996e-01
-1.825499057769775391e+00
-7.964673042297363281e-01
4.956911802291870117e-01
-3.670217692852020264e-01
1.094298481941223145e+00
-1.120352387428283691e+00
4.003067612648010254e-01
-5.495999455451965332e-01
-1.620991706848144531e+00
-8.560646772384643555e-01
4.792798459529876709e-01
-4.853773117065429688e-01
3.278488516807556152e-01
1.688867092132568359e+00
4.432553648948669434e-01
6.519950032234191895e-01
1.584483981132507324e+00
-1.742279678583145142e-01
-1.311386227607727051e+00
-7.728800177574157715e-01
-4.403892457485198975e-01
-3.838540986180305481e-02
-1.196724295616149902e+00
-1.102138876914978027e+00
-1.340635657310485840e+00
6.516106128692626953e-01
3.012926578521728516e-01
9.316840767860412598e-02
1.408197522163391113e+00
-6.229606270790100098e-01
-6.659848093986511230e-01
1.113835453987121582e+00
1.246078312397003174e-01
6.983917951583862305e-01
2.465009242296218872e-01
-1.527771353721618652e-01
1.699822992086410522e-01
-6.698583364486694336e-01
-1.214357733726501465e+00
-1.727676391601562500e+00
-2.982834875583648682e-01
7.289558649063110352e-01
1.837136745452880859e-01
-5.311398506164550781e-01
5.496257543563842773e-01
6.503456830978393555e-01
1.690431833267211914e+00
1.832859277725219727e+00
9.159081578254699707e-01
1.438929915428161621e+00
3.487119376659393311e-01
2.064302921295166016e+00
-2.499974668025970459e-01
-9.959785938262939453e-01
3.889695703983306885e-01
-7.105340361595153809e-01
-2.319857031106948853e-01
3.104085326194763184e-01
1.213042259216308594e+00
1.332749247550964355e+00
1.263159513473510742e-01
1.065628290176391602e+00
-1.876466870307922363e-01
9.870089292526245117e-01
-1.218767762184143066e+00
-2.686707973480224609e-01
1.687982439994812012e+00
-5.253481864929199219e-01
9.519313573837280273e-01
-1.964147016406059265e-02
8.186139911413192749e-02
-1.146538853645324707e+00
-1.007356166839599609e+00
-1.798008322715759277e+00
-4.560300111770629883e-01
6.005170345306396484e-01
8.590014576911926270e-01
7.366126179695129395e-01
1.432690382003784180e+00
1.180557370185852051e+00
2.589679956436157227e-01
2.333024591207504272e-01
6.145969033241271973e-01
-1.887079477310180664e+00
5.646499246358871460e-02
-7.103972434997558594e-01
5.794312357902526855e-01
-4.133102595806121826e-01
-1.514950841665267944e-01
-9.029294848442077637e-01
-9.526289105415344238e-01
-1.083105087280273438e+00
6.116757988929748535e-01
1.563195705413818359e+00
-4.378968477249145508e-01
-1.069327712059020996e+00
-9.790362715721130371e-01
-1.681978553533554077e-01
-6.571234464645385742e-01
-4.159543514251708984e-01
-4.492495656013488770e-01
5.284683704376220703e-01
-1.189882755279541016e-01
-5.577647089958190918e-01
-1.025373697280883789e+00
9.925501346588134766e-01
-1.011188149452209473e+00
-1.997250914573669434e-01
1.321204185485839844e+00
-5.490962862968444824e-01
-3.100388646125793457e-01
-3.318215310573577881e-01
3.475167751312255859e-01
1.170124933123588562e-01
-4.189468026161193848e-01
-1.087787076830863953e-01
-1.510759592056274414e+00
8.695957660675048828e-01
-1.978158950805664062e-01
-5.136915445327758789e-01
2.614581882953643799e-01
9.051565527915954590e-01
-1.226723790168762207e+00
5.864027738571166992e-01
1.384039163589477539e+00
-7.825666666030883789e-01
1.149206757545471191e+00
-1.434012651443481445e+00
-8.394302725791931152e-01
-1.808805912733078003e-01
-4.422197043895721436e-01
-3.430809676647186279e-01
-3.448115587234497070e-01
7.900243997573852539e-01
-5.664151906967163086e-01
5.262844264507293701e-03
7.100682854652404785e-01
-2.321866899728775024e-01
-6.597620844841003418e-01
9.485940337181091309e-01
-2.396835982799530029e-01
3.572389185428619385e-01
2.919977009296417236e-01
-9.439013600349426270e-01
7.047741413116455078e-01
2.215353399515151978e-01
5.262473970651626587e-02
1.336020112037658691e+00
-1.715173244476318359e+00
1.103664994239807129e+00
-1.676974415779113770e+00
-1.892563141882419586e-02
-6.444721221923828125e-01
2.065646052360534668e-01
-1.054718017578125000e+00
-2.160551398992538452e-01
5.650854110717773438e-01
7.842011451721191406e-01
1.691187024116516113e+00
-1.583057343959808350e-01
-1.447447240352630615e-01
1.221467852592468262e-01
-1.153709173202514648e+00
-1.233724594116210938e+00
4.002441465854644775e-01
-6.670196056365966797e-01
2.981867194175720215e-01
-1.749311834573745728e-01
5.802415609359741211e-01
-1.077458739280700684e+00
-1.822774410247802734e+00
-2.424895763397216797e-01
-8.054457306861877441e-01
-4.650732278823852539e-01
-8.715726137161254883e-01
1.734626412391662598e+00
1.676020175218582153e-01
-1.696693599224090576e-01
-3.607630133628845215e-01
-1.654377460479736328e+00
3.163091242313385010e-01
-3.294580578804016113e-01
-4.303533136844635010e-01
-1.652407526969909668e+00
-6.267518401145935059e-01
-8.268715739250183105e-01
-2.748547494411468506e-02
-1.025594115257263184e+00
-1.166738748550415039e+00
-1.187721490859985352e+00
5.389873981475830078e-01
1.288564920425415039e+00
5.227957367897033691e-01
2.483894526958465576e-01
-5.116693973541259766e-01
-1.012012243270874023e+00
-1.920217722654342651e-01
5.254803895950317383e-01
7.055025696754455566e-01
2.943111658096313477e-01
-7.653158307075500488e-01
-1.649586081504821777e+00
-6.586430668830871582e-01
-1.336541056632995605e+00
6.965100765228271484e-01
-1.221595048904418945e+00
4.731275439262390137e-01
-7.952294349670410156e-01
1.118432044982910156e+00
1.005196690559387207e+00
-1.486823081970214844e+00
5.318322777748107910e-01
4.877129495143890381e-01
6.224464625120162964e-02
4.410258028656244278e-03
-6.012226939201354980e-01
1.670232534408569336e+00
5.358538031578063965e-02
1.617828458547592163e-01
3.449760079383850098e-01
-3.130497634410858154e-01
-9.546134471893310547e-01
1.278157353401184082e+00
-7.134328484535217285e-01
-7.854858636856079102e-01
-9.542803764343261719e-01
-3.970778882503509521e-01
-1.170643195509910583e-01
-1.709522008895874023e+00
-1.605482101440429688e-01
5.167085528373718262e-01
-7.840588688850402832e-01
-1.053753137588500977e+00
-1.389157891273498535e+00
1.749095678329467773e+00
1.151933431625366211e+00
-6.259936690330505371e-01
-7.142837643623352051e-01
7.706413865089416504e-01
4.901689887046813965e-01
-3.022589087486267090e-01
4.584003686904907227e-01
6.763357520103454590e-01
6.553673148155212402e-01
-1.903189159929752350e-02
-1.870872855186462402e+00
4.360201656818389893e-01
-1.307521581649780273e+00
7.590997815132141113e-01
9.090255498886108398e-01
-9.459561705589294434e-01
5.390691757202148438e-01
-1.072082996368408203e+00
1.256304085254669189e-01
1.051478266716003418e+00
-5.321453213691711426e-01
-3.231636285781860352e-01
-1.473672837018966675e-01
8.384107351303100586e-01
1.083687067031860352e+00
9.515280723571777344e-01
5.938763618469238281e-01
-1.587875962257385254e+00
-1.455570936203002930e+00
-1.310678243637084961e+00
1.764734834432601929e-01
9.363904595375061035e-01
-8.358234167098999023e-01
7.109823226928710938e-01
6.233105063438415527e-02
-1.167762041091918945e+00
1.195719242095947266e+00
1.320806026458740234e+00
-2.830401062965393066e-01
1.543036699295043945e+00
-8.932875469326972961e-03
-9.352015852928161621e-01
-6.163518428802490234e-01
6.439874172210693359e-01
1.612770259380340576e-01
-2.884306311607360840e-01
-4.089154601097106934e-01
-1.393350362777709961e-01
7.150893211364746094e-01
2.462098449468612671e-01
-1.466454386711120605e+00
6.899656653404235840e-01
4.861568287014961243e-02
4.002771675586700439e-01
9.172526001930236816e-02
-1.107099890708923340e+00
5.622294545173645020e-01
-1.596711128950119019e-01
8.561481833457946777e-01
-3.186564445495605469e-01
-9.608156681060791016e-01
4.396932423114776611e-01
9.272342324256896973e-01
-7.146983593702316284e-02
1.376541703939437866e-01
-1.083798170089721680e+00
-7.460876703262329102e-01
2.185293287038803101e-01
5.725954174995422363e-01
5.022899508476257324e-01
1.206080079078674316e+00
-8.931981921195983887e-01
8.116031289100646973e-01
-1.862424761056900024e-01
7.059051990509033203e-01
8.273715525865554810e-02
6.118826866149902344e-01
-2.361498400568962097e-02
3.013505041599273682e-01
9.046347737312316895e-01
1.646097779273986816e+00
-5.744105577468872070e-01
2.684356570243835449e-01
7.686536908149719238e-01
-2.109857052564620972e-01
1.500013470649719238e+00
-1.393672704696655273e+00
-8.911753892898559570e-01
1.282876253128051758e+00
1.395807266235351562e-01
3.561270833015441895e-01
3.859422802925109863e-01
-1.357015848159790039e+00
-2.125826478004455566e-01
1.477544158697128296e-01
-6.848292350769042969e-01
4.385884404182434082e-01
2.741062045097351074e-01
-1.292663693428039551e+00
9.255093932151794434e-01
1.609650969505310059e+00
4.155333340167999268e-01
1.207388401031494141e+00
-8.114940524101257324e-01
-6.792114973068237305e-01
1.227893114089965820e+00
2.971213161945343018e-01
-5.318499803543090820e-01
1.722961544990539551e+00
-8.514588475227355957e-01
-6.579656600952148438e-01
7.187943458557128906e-01
-5.073683261871337891e-01
-1.450555920600891113e+00
-1.435231924057006836e+00
-5.132431983947753906e-01
5.608871579170227051e-01
-1.663891315460205078e+00
4.787452220916748047e-01
6.621683239936828613e-01
2.253976315259933472e-01
1.870707988739013672e+00
8.966298103332519531e-01
1.501663804054260254e+00
6.672165393829345703e-01
8.986654877662658691e-01
3.323323130607604980e-01
-1.006766915321350098e+00
-9.439019560813903809e-01
-6.579506993293762207e-01
3.253803551197052002e-01
4.068191349506378174e-02
-9.595617651939392090e-01
-1.289703488349914551e+00
9.580639004707336426e-01
2.171799689531326294e-01
9.243420362472534180e-01
4.242331683635711670e-01
7.535959482192993164e-01
-5.651370286941528320e-01
1.141944006085395813e-01
1.660831809043884277e+00
7.630322575569152832e-01
5.707907956093549728e-03
-2.661308348178863525e-01
3.751179575920104980e-01
-1.622005343437194824e+00
-1.455051064491271973e+00
9.298424720764160156e-01
6.603367328643798828e-01
-1.409679651260375977e+00
3.351491093635559082e-01
1.007661104202270508e+00
4.052677452564239502e-01
-1.619545817375183105e+00
-1.390706419944763184e+00
-1.146005153656005859e+00
-1.065495610237121582e+00
-2.144820243120193481e-01
1.490232586860656738e+00
2.111388146877288818e-01
1.417857050895690918e+00
-9.437854886054992676e-01
-7.957368493080139160e-01
5.097327232360839844e-01
-3.120127618312835693e-01
-5.669455528259277344e-01
-1.013371467590332031e+00
-2.793788015842437744e-01
1.655202358961105347e-01
1.309892296791076660e+00
4.102917909622192383e-01
-3.211075067520141602e-02
-7.114313244819641113e-01
3.867940604686737061e-01
9.923258423805236816e-01
-1.278867959976196289e+00
-2.957727611064910889e-01
-1.140763387084007263e-01
4.432873725891113281e-01
-1.428528785705566406e+00
9.830979704856872559e-01
-4.194155037403106689e-01
-7.083526849746704102e-01
-4.901801347732543945e-01
7.786852717399597168e-01
-1.748297810554504395e-01
2.383716218173503876e-02
-3.577097952365875244e-01
3.273011744022369385e-01
-2.338112592697143555e-01
-2.267454862594604492e-01
2.357823401689529419e-02
-1.496050596237182617e+00
-1.074995696544647217e-01
-3.437857031822204590e-01
4.592882692813873291e-01
1.646351695060729980e+00
3.930746018886566162e-01
8.848837018013000488e-01
5.508832931518554688e-01
-4.218572676181793213e-01
1.872274577617645264e-01
1.619967818260192871e+00
-4.299925565719604492e-01
1.149608135223388672e+00
-1.227374434471130371e+00
7.832474112510681152e-01
-3.669042587280273438e-01
-9.190576076507568359e-01
4.661568701267242432e-01
3.249243600293993950e-03
9.386975318193435669e-03
-2.798434793949127197e-01
8.148913979530334473e-01
-9.214540123939514160e-01
-1.111738443374633789e+00
-3.796301782131195068e-01
1.608300685882568359e+00
9.107901453971862793e-01
-5.265939235687255859e-01
-1.333877086639404297e+00
-5.134158730506896973e-01
-1.864875666797161102e-02
4.157466888427734375e-01
5.478129908442497253e-02
-1.021249532699584961e+00
-9.690957069396972656e-01
-1.513690948486328125e+00
6.332952380180358887e-01
-4.518510699272155762e-01
-9.339280426502227783e-02
9.217997789382934570e-01
-1.310853481292724609e+00
1.360435932874679565e-01
5.069331526756286621e-01
-1.148278713226318359e-01
4.784468710422515869e-01
7.033250927925109863e-01
3.372674882411956787e-01
-2.000051289796829224e-01
1.708153448998928070e-02
-7.747702002525329590e-01
5.874369740486145020e-01
-8.036450147628784180e-01
4.208982288837432861e-01
-1.210174560546875000e+00
-1.528646498918533325e-01
-1.276302218437194824e+00
5.820215940475463867e-01
5.966531634330749512e-01
1.777709461748600006e-02
-4.790831804275512695e-01
6.361398696899414062e-01
-1.968605279922485352e+00
-6.213689595460891724e-02
1.807371020317077637e+00
-3.250147104263305664e-01
-1.419459700584411621e+00
4.394229054450988770e-01
3.847167789936065674e-01
-6.939114332199096680e-01
1.281818389892578125e+00
-1.018068715929985046e-01
6.081318259239196777e-01
-1.360499143600463867e+00
-6.695315837860107422e-01
-7.711834311485290527e-01
-1.099191665649414062e+00
5.788000822067260742e-01
6.066837161779403687e-02
-1.772544980049133301e+00
6.995893716812133789e-01
1.225968301296234131e-01
-2.239688485860824585e-01
-1.231213569641113281e+00
1.885741651058197021e-01
3.815469145774841309e-01
3.645668923854827881e-01
-1.623504281044006348e+00
9.341911673545837402e-01
-5.677886605262756348e-01
1.546878963708877563e-01
1.081371068954467773e+00
-8.311923146247863770e-01
-2.619020044803619385e-01
7.390745878219604492e-01
2.563849985599517822e-01
-6.734058260917663574e-01
-2.030312776565551758e+00
-7.002579569816589355e-01
-1.201225221157073975e-01
-1.226912140846252441e+00
-2.338181138038635254e-01
-1.703315138816833496e+00
-7.003339529037475586e-01
-9.276955574750900269e-02
-1.234057188034057617e+00
8.299295902252197266e-01
-1.053869128227233887e+00
4.164281785488128662e-01
-7.385281920433044434e-01
-5.873977765440940857e-02
-1.670825839042663574e+00
7.278172373771667480e-01
-3.195083737373352051e-01
-1.369888782501220703e-01
8.472767472267150879e-01
-5.959172248840332031e-01
1.359416544437408447e-01
-7.150220274925231934e-01
7.561348378658294678e-02
-5.694742202758789062e-01
8.325580954551696777e-01
3.518676161766052246e-01
1.253855347633361816e+00
-2.531495988368988037e-01
-5.328187942504882812e-01
1.145650506019592285e+00
1.526690721511840820e-01
-5.962473154067993164e-01
6.686695814132690430e-01
8.990886062383651733e-02
-7.145142555236816406e-01
-3.030365109443664551e-01
7.734008431434631348e-01
9.427040219306945801e-01
-4.354351758956909180e-01
-6.856654286384582520e-01
-7.498043775558471680e-01
-1.090141534805297852e+00
-1.061131834983825684e+00
-9.874008893966674805e-01
-7.430784702301025391e-01
1.071846008300781250e+00
-8.569167852401733398e-01
1.488909840583801270e+00
-7.016515135765075684e-01
1.729597568511962891e+00
2.472101897001266479e-02
-7.607151269912719727e-01
-3.736172318458557129e-01
2.763820886611938477e-01
-1.366323679685592651e-01
4.053373038768768311e-01
1.629742421209812164e-02
3.800813853740692139e-01
2.176216840744018555e-01
-5.649552941322326660e-01
8.962540626525878906e-01
7.032646536827087402e-01
6.651961803436279297e-01
1.100200295448303223e+00
-2.654079198837280273e-01
-8.925726264715194702e-02
5.183359980583190918e-01
5.200035572052001953e-01
6.786602735519409180e-01
1.825204014778137207e+00
-1.212303519248962402e+00
6.337561011314392090e-01
3.401910066604614258e-01
-1.420925259590148926e+00
1.329327076673507690e-01
3.028929829597473145e-01
-8.837113380432128906e-01
1.089212417602539062e+00
1.071682572364807129e+00
-6.393563747406005859e-01
-1.802510499954223633e+00
-4.631104171276092529e-01
8.500266671180725098e-01
-1.279643028974533081e-01
-7.530796527862548828e-01
1.403269171714782715e-01
6.332689523696899414e-01
1.839357376098632812e+00
2.291882783174514771e-01
-1.309067130088806152e+00
-1.377833127975463867e+00
7.439103722572326660e-01
-1.274006366729736328e+00
-1.488815426826477051e+00
-2.945977747440338135e-01
-1.340340137481689453e+00
4.922635257244110107e-01
4.635182321071624756e-01
7.743148505687713623e-02
6.324999332427978516e-01
-8.124368786811828613e-01
2.976160645484924316e-01
-1.233708858489990234e-01
9.253433905541896820e-03
-3.510113954544067383e-01
3.005677163600921631e-01
5.925717949867248535e-01
3.721664845943450928e-01
-2.700903713703155518e-01
2.210387885570526123e-01
-6.337818503379821777e-02
9.804133772850036621e-01
7.351010441780090332e-01
-5.313547253608703613e-01
5.760169029235839844e-01
1.813101887702941895e+00
3.880015313625335693e-01
1.263222575187683105e+00
1.635735392570495605e+00
-1.670405626296997070e+00
-4.972260072827339172e-02
-9.481994509696960449e-01
-1.479410231113433838e-01
3.849336206912994385e-01
-1.183109283447265625e+00
7.475535571575164795e-02
-1.338306367397308350e-01
1.609604358673095703e-01
9.336437582969665527e-01
-4.913772344589233398e-01
-9.397667050361633301e-01
2.297645360231399536e-01
-9.458198212087154388e-03
1.838709473609924316e+00
-7.645999789237976074e-01
7.325036525726318359e-01
2.830978333950042725e-01
-1.295452117919921875e+00
-1.542594879865646362e-01
-2.619632184505462646e-01
1.275014042854309082e+00
-3.472808301448822021e-01
9.628303050994873047e-01
2.426794916391372681e-01
-3.245020806789398193e-01
-1.163258790969848633e+00
-2.787528336048126221e-01
8.591201901435852051e-01
7.147797197103500366e-02
-6.273544430732727051e-01
-7.908468246459960938e-01
1.181040167808532715e+00
1.342699527740478516e+00
7.008724212646484375e-01
9.878824949264526367e-01
-7.023140788078308105e-01
4.849234521389007568e-01
-7.882809042930603027e-01
-6.438089013099670410e-01
-1.193512558937072754e+00
-3.816182613372802734e-01
6.269035339355468750e-01
6.001913547515869141e-01
1.193082571029663086e+00
-2.301051318645477295e-01
-1.330807209014892578e+00
5.473862290382385254e-01
-1.486090302467346191e+00
6.235827207565307617e-01
-2.118769437074661255e-01
1.694900274276733398e+00
-9.074381589889526367e-01
1.283077001571655273e+00
-1.948615908622741699e-01
1.731191992759704590e+00
-1.805614471435546875e+00
1.297098875045776367e+00
-9.554830789566040039e-01
9.197395443916320801e-01
1.264274120330810547e+00
8.365126848220825195e-01
1.657931506633758545e-01
4.392898082733154297e-01
1.224140673875808716e-01
-1.236913204193115234e+00
-8.671456575393676758e-01
9.439833164215087891e-01
-6.276931166648864746e-01
1.588181495666503906e+00
7.452237606048583984e-02
-8.682825565338134766e-01
-1.385008692741394043e-01
1.359171628952026367e+00
-1.187372088432312012e+00
-1.010718345642089844e+00
-4.139930605888366699e-01
1.962946951389312744e-01
5.691966414451599121e-01
9.517543911933898926e-01
4.845409393310546875e-01
-1.501954913139343262e+00
-4.749900996685028076e-01
-7.922883033752441406e-01
-4.341090843081474304e-02
-9.506864547729492188e-01
-4.042659103870391846e-01
-2.801866270601749420e-02
-1.370128035545349121e+00
-5.707121491432189941e-01
-9.217446446418762207e-01
-2.702268660068511963e-01
-6.886841263622045517e-03
-4.629727005958557129e-01
8.588275909423828125e-01
-3.742037415504455566e-01
-9.380474090576171875e-01
5.953044071793556213e-02
-1.810162141919136047e-02
1.502706855535507202e-01
2.298046946525573730e-01
4.021379053592681885e-01
7.483384013175964355e-01
-1.203701123595237732e-01
3.880750834941864014e-01
-1.794653236865997314e-01
1.030878201127052307e-01
3.048726022243499756e-01
3.636619448661804199e-01
6.986127495765686035e-01
-8.718549013137817383e-01
5.315886139869689941e-01
-3.508865833282470703e-01
8.647984266281127930e-01
6.225416660308837891e-01
-8.306880593299865723e-01
4.099598228931427002e-01
5.075910687446594238e-01
-1.565228588879108429e-02
9.922186136245727539e-01
9.037515521049499512e-01
-8.598879575729370117e-01
5.768678151071071625e-03
1.328933835029602051e+00
2.055316269397735596e-01
-9.909272789955139160e-01
5.973056703805923462e-02
-7.633228302001953125e-01
1.350047588348388672e-01
-1.809638023376464844e+00
-9.334704875946044922e-01
1.988460272550582886e-01
-2.881566882133483887e-01
9.770303033292293549e-03
-2.378372848033905029e-01
-1.195476129651069641e-01
-3.627724051475524902e-01
1.660702079534530640e-01
-5.838625431060791016e-01
-5.850789546966552734e-01
-8.537258207798004150e-02
1.898707449436187744e-01
-1.002616167068481445e+00
8.217520117759704590e-01
-9.794081002473831177e-02
-3.419293463230133057e-01
-1.990437060594558716e-01
6.420338749885559082e-01
3.969519138336181641e-01
-6.746914386749267578e-01
-2.896943092346191406e-01
-1.462634056806564331e-01
-3.368723392486572266e-01
1.596523523330688477e-01
6.406930685043334961e-01
3.782727569341659546e-02
-1.929504126310348511e-01
-3.084432482719421387e-01
5.320385098457336426e-01
1.148855924606323242e+00
-1.312346100807189941e+00
3.105258345603942871e-01
-1.789085716009140015e-01
3.591812849044799805e-01
2.556276917457580566e-01
6.269462704658508301e-01
4.610401764512062073e-02
-4.447423517704010010e-01
-1.964948773384094238e-01
2.480148077011108398e-01
6.478915214538574219e-01
5.955046415328979492e-01
2.243734151124954224e-01
3.570262193679809570e-01
-8.781664371490478516e-01
-2.137840539216995239e-02
2.217100262641906738e-01
-1.438851952552795410e+00
-3.390869796276092529e-01
3.755147382616996765e-02
-5.018889307975769043e-01
-4.444419145584106445e-01
5.351034998893737793e-01
2.202613800764083862e-01
-7.145758867263793945e-01
-4.503997564315795898e-01
1.254477620124816895e+00
-7.800568342208862305e-01
-1.185686737298965454e-01
4.699649214744567871e-01
1.105808496475219727e+00
-4.072598814964294434e-01
-3.026795685291290283e-01
6.409600973129272461e-01
1.207687854766845703e+00
-9.913815855979919434e-01
1.333513762801885605e-03
-1.035454869270324707e+00
7.005646824836730957e-02
-1.367729067802429199e+00
2.628572583198547363e-01
1.831087231636047363e+00
1.075843811035156250e+00
8.317866921424865723e-01
6.622205674648284912e-02
1.097766518592834473e+00
1.360738515853881836e+00
-4.275687932968139648e-01
3.350460231304168701e-01
8.929750919342041016e-01
-1.427512407302856445e+00
2.048463374376296997e-01
1.478216424584388733e-02
1.163225531578063965e+00
-1.307451844215393066e+00
-2.224071323871612549e-01
9.579372406005859375e-01
-1.709418773651123047e+00
9.787572622299194336e-01
1.204975247383117676e+00
8.837318420410156250e-01
3.841018676757812500e-01
-4.035699367523193359e-02
1.154304504394531250e+00
3.651050329208374023e-01
7.120188474655151367e-01
6.375108361244201660e-01
-1.732222557067871094e+00
-6.063683629035949707e-01
-9.565901160240173340e-01
3.476218283176422119e-01
2.350953370332717896e-01
-3.749892711639404297e-01
1.271500587463378906e+00
1.166990280151367188e+00
-3.827374577522277832e-01
-2.376876771450042725e-01
-3.932600617408752441e-01
1.516821235418319702e-02
-1.152654528617858887e+00
-4.595911800861358643e-01
-1.636444687843322754e+00
-1.697243452072143555e-01
8.324564099311828613e-01
-1.045041680335998535e+00
1.029133319854736328e+00
-1.801220327615737915e-02
2.392408698797225952e-01
