3.055528365075588226e-02
3.186369314789772034e-02
-2.434597723186016083e-02
-1.116820517927408218e-02
2.851272746920585632e-02
1.918352767825126648e-02
-6.683266162872314453e-02
-8.621553331613540649e-02
4.833867028355598450e-02
3.929680585861206055e-02
6.094004586338996887e-02
-5.000749975442886353e-02
4.808908700942993164e-02
2.607200108468532562e-02
-9.031745046377182007e-02
-6.687620282173156738e-02
-1.976283267140388489e-02
1.752920076251029968e-02
8.612739294767379761e-02
9.407747536897659302e-03
7.901075482368469238e-02
5.887580290436744690e-02
-4.269502311944961548e-02
2.426084503531455994e-02
-6.293923407793045044e-02
3.321366012096405029e-02
-2.574539743363857269e-02
-1.482927203178405762e-01
3.831364586949348450e-02
-1.290562562644481659e-02
3.246805444359779358e-02
1.710769906640052795e-02
2.809041924774646759e-02
3.425810858607292175e-02
7.197678089141845703e-02
-1.390214730054140091e-02
-6.251417100429534912e-02
5.765886232256889343e-02
-1.327845603227615356e-01
3.445267677307128906e-03
-6.846947222948074341e-02
2.308901548385620117e-01
-8.026766777038574219e-02
2.768204361200332642e-02
-1.150557622313499451e-01
-6.695082783699035645e-02
-2.894977852702140808e-02
1.352815330028533936e-02
6.536833941936492920e-02
3.989806398749351501e-02
-7.330387085676193237e-02
6.371849216520786285e-03
4.230225831270217896e-02
3.483838960528373718e-02
5.054867640137672424e-02
6.559375207871198654e-03
2.680075354874134064e-02
-4.395686462521553040e-02
-5.007081106305122375e-02
-4.890869185328483582e-02
5.022391676902770996e-02
2.876034379005432129e-02
1.138828471302986145e-01
1.741694100201129913e-02
-1.191207543015480042e-01
8.532074093818664551e-02
3.341217059642076492e-03
1.354199182242155075e-02
-5.493779107928276062e-02
1.201548427343368530e-01
3.454711521044373512e-03
-2.995589189231395721e-02
-1.036689355969429016e-01
3.743563964962959290e-02
3.067604638636112213e-02
2.212763205170631409e-02
-2.993359975516796112e-02
1.639339774847030640e-01
-2.527748979628086090e-02
-5.890579894185066223e-02
5.012607946991920471e-02
1.974922604858875275e-02
-6.467913836240768433e-02
-3.646123036742210388e-02
3.964949399232864380e-02
3.072183951735496521e-02
5.434458702802658081e-02
-2.381522022187709808e-02
3.765618056058883667e-02
-1.290096901357173920e-02
-1.080251485109329224e-01
4.332626610994338989e-02
-5.620804429054260254e-02
3.235252574086189270e-02
-9.492482244968414307e-02
-1.564416335895657539e-03
4.448555409908294678e-02
2.866698615252971649e-02
-8.767031878232955933e-02
1.080277934670448303e-01
-1.018220409750938416e-01
6.696385145187377930e-02
-7.346180081367492676e-02
-5.191032961010932922e-02
-9.541212767362594604e-02
5.408771336078643799e-02
1.408378332853317261e-01
9.814618527889251709e-02
-5.340771377086639404e-02
-4.543719068169593811e-02
-6.862364709377288818e-02
-5.005842819809913635e-02
7.879529148340225220e-03
6.166538223624229431e-02
-5.872593447566032410e-02
-8.810184150934219360e-02
4.459594562649726868e-02
-8.583686500787734985e-02
-1.697704382240772247e-02
7.715526968240737915e-02
4.756477847695350647e-02
-1.514067593961954117e-02
-5.848507583141326904e-02
9.992662072181701660e-02
-2.472143806517124176e-02
-8.302058279514312744e-02
-1.058831587433815002e-01
7.879811525344848633e-02
-8.018082380294799805e-02
-3.238081187009811401e-02
-7.569991052150726318e-02
6.459607183933258057e-02
1.696398109197616577e-02
-5.883248150348663330e-02
6.639191508293151855e-02
6.229962036013603210e-02
7.766090333461761475e-02
1.482723932713270187e-02
-1.166446432471275330e-01
5.310527607798576355e-02
-4.948166385293006897e-02
-7.656200975179672241e-02
8.607826381921768188e-02
-6.914454698562622070e-02
-6.496319174766540527e-02
1.748181730508804321e-01
-1.054498255252838135e-01
8.087808638811111450e-02
1.194043830037117004e-01
-2.065240591764450073e-02
4.361362755298614502e-02
6.370488088577985764e-03
-7.875388860702514648e-02
-5.559728294610977173e-02
1.067308187484741211e-01
-1.204369291663169861e-01
-6.437305361032485962e-02
-6.822703778743743896e-02
-1.063836067914962769e-01
-8.393871039152145386e-02
-6.921726465225219727e-02
-5.376345664262771606e-02
-6.708856672048568726e-02
1.030432581901550293e-01
-5.317965522408485413e-02
5.104746669530868530e-02
-1.404910087585449219e-01
-1.290798280388116837e-02
-4.235851019620895386e-02
-1.363772898912429810e-01
-3.628297150135040283e-02
3.142336383461952209e-02
-5.355583131313323975e-02
-3.227595984935760498e-02
-1.195499971508979797e-01
-5.069992691278457642e-02
-7.847972214221954346e-02
-6.208749115467071533e-02
1.649609655141830444e-01
-2.987378276884555817e-02
2.428383380174636841e-02
3.541526570916175842e-02
-1.409259587526321411e-01
6.252657622098922729e-02
4.754504561424255371e-02
5.837991368025541306e-03
4.402707889676094055e-02
-5.519441142678260803e-02
-1.729281060397624969e-02
-7.832683622837066650e-02
2.989700809121131897e-02
-1.060621440410614014e-01
-2.320417389273643494e-02
2.065281569957733154e-02
3.631949424743652344e-02
1.054645515978336334e-02
5.900262296199798584e-02
-6.089799571782350540e-03
4.773949086666107178e-02
7.188320159912109375e-03
4.533786699175834656e-02
3.244855254888534546e-02
-7.669125497341156006e-02
-6.451983749866485596e-02
-4.524239525198936462e-02
-1.166037395596504211e-01
2.686064131557941437e-02
-9.826030582189559937e-02
-7.320602238178253174e-02
1.805557683110237122e-02
-5.095942690968513489e-02
-4.729470238089561462e-02
-8.577238768339157104e-02
2.000863850116729736e-02
-1.089102309197187424e-02
1.513574570417404175e-01
-1.441291626542806625e-02
9.668906778097152710e-02
9.165040403604507446e-02
-6.649969518184661865e-02
-8.886732906103134155e-02
-3.616031259298324585e-02
5.908611044287681580e-02
2.392484247684478760e-02
3.601114824414253235e-02
-2.425951324403285980e-02
3.122302889823913574e-02
2.468378469347953796e-02
-1.738428771495819092e-01
1.210537701845169067e-01
-5.760470032691955566e-02
-4.778882861137390137e-02
-2.388430014252662659e-02
-5.182714760303497314e-02
-2.610996551811695099e-02
-4.236966744065284729e-02
-1.120946407318115234e-01
-1.377677470445632935e-01
-1.038508862257003784e-02
-8.880560100078582764e-02
8.669130504131317139e-03
2.451203018426895142e-02
-1.091414783149957657e-02
-7.180108129978179932e-02
-5.460374429821968079e-02
-1.320212036371231079e-01
5.035534501075744629e-02
4.612889513373374939e-02
7.182486355304718018e-02
-8.833812549710273743e-03
3.008021973073482513e-02
-4.892752692103385925e-02
1.415152009576559067e-02
1.656072097830474377e-03
4.376239702105522156e-02
3.586870431900024414e-02
5.008733645081520081e-02
-2.456139214336872101e-02
-1.352003309875726700e-02
-9.250104427337646484e-02
3.915903717279434204e-02
2.197996154427528381e-02
-1.411699806340038776e-03
1.432308703660964966e-01
3.412872925400733948e-02
7.373048923909664154e-03
4.294813796877861023e-02
-1.557888835668563843e-02
4.844050481915473938e-02
-5.741672962903976440e-02
-6.558623909950256348e-02
-2.178695984184741974e-02
5.359660461544990540e-02
-5.508129484951496124e-03
4.598277062177658081e-02
1.863243803381919861e-02
2.860936522483825684e-02
1.576675474643707275e-02
-6.183431670069694519e-02
9.806907176971435547e-02
3.759391978383064270e-02
3.026890195906162262e-02
-3.386355191469192505e-02
7.417084276676177979e-02
-1.056986115872859955e-02
-8.489288389682769775e-02
-3.415850549936294556e-02
7.756156474351882935e-02
1.113023310899734497e-01
-3.437263425439596176e-03
4.581956937909126282e-02
2.565737068653106689e-02
5.668195337057113647e-02
-9.070682339370250702e-03
-1.069799289107322693e-01
-8.126015961170196533e-02
-6.774092465639114380e-02
-6.856723874807357788e-02
5.809736624360084534e-02
-2.452073618769645691e-03
-4.996760189533233643e-02
-1.259492784738540649e-01
3.002148494124412537e-02
5.142175778746604919e-02
-9.069567918777465820e-02
3.394822590053081512e-03
8.902888745069503784e-02
-5.162017047405242920e-02
3.706053271889686584e-02
2.377212420105934143e-02
4.343079926911741495e-04
6.203237548470497131e-02
4.513095691800117493e-02
8.307924494147300720e-03
6.246541813015937805e-02
1.367699354887008667e-02
-8.706424385309219360e-02
3.980784863233566284e-02
8.294282853603363037e-02
-4.677087068557739258e-02
-1.281315833330154419e-01
-4.858452454209327698e-02
5.213205236941576004e-03
1.163108721375465393e-01
1.162405461072921753e-01
-6.313884258270263672e-02
-2.542725764214992523e-02
3.913504630327224731e-02
-7.017782330513000488e-02
-4.289115965366363525e-02
-4.683821648359298706e-02
3.574720770120620728e-02
-1.116780415177345276e-01
-1.079857628792524338e-02
-2.901593223214149475e-02
-4.774872213602066040e-02
-7.911220937967300415e-02
-5.856906622648239136e-02
4.052619263529777527e-02
5.737204104661941528e-02
1.396124809980392456e-01
-5.151305720210075378e-02
-6.779509130865335464e-03
1.299960166215896606e-01
2.917257137596607208e-02
8.890994824469089508e-03
7.328324019908905029e-02
-6.976510863751173019e-03
-8.508446067571640015e-02
2.597019262611865997e-02
4.459296166896820068e-02
-1.443363633006811142e-02
5.508784204721450806e-02
-2.445127815008163452e-03
-1.259663999080657959e-01
3.686256706714630127e-02
-1.445172727108001709e-01
-8.025161921977996826e-02
-1.970710232853889465e-02
-8.598654717206954956e-02
-3.141010552644729614e-02
1.245791539549827576e-01
3.773924661800265312e-03
-1.128692328929901123e-01
-3.830767422914505005e-02
-6.836965680122375488e-02
-1.188935898244380951e-02
-1.053913030773401260e-03
2.411905676126480103e-02
1.826914260163903236e-03
-6.997692584991455078e-02
8.432996273040771484e-02
3.526880592107772827e-02
-7.398481667041778564e-02
3.714983537793159485e-02
2.525442838668823242e-02
1.367053836584091187e-01
-1.827282458543777466e-02
6.718988716602325439e-02
2.943286299705505371e-02
5.812798440456390381e-02
9.807971306145191193e-03
-1.059758141636848450e-01
1.256075687706470490e-02
-1.311147660017013550e-01
-1.592597961425781250e-01
3.287137672305107117e-02
1.406011451035737991e-02
8.517665416002273560e-02
1.374774519354104996e-02
7.893126457929611206e-02
-1.103386506438255310e-01
-1.437733769416809082e-01
-1.097673475742340088e-01
5.904121696949005127e-02
2.459717355668544769e-02
-1.508011668920516968e-02
5.336100980639457703e-02
5.338164418935775757e-02
3.201782330870628357e-02
